---------------------(Room Tiles)----------------------
	
r 0  0  0  0  0  0  0  0  0  0  0  0  0  0  0  0  0  0
r 0  0  0  0  0  0  0  0  0  0  0  0  0  0  0  0  0  0
r 0  0  0  0  0  0  0  0  0  0  0  0  0  0  0  0  0  0
r 0  0  0  0  0  0  0  0  0  0  0  0  0  0  0  0  0  0
r 0  0  0  0  0  0  0  0  0  0  0  0  0  0  0  0  0  0
r 0  0  0  0  0  0  0  0  0  0  0  0  0  0  0  0  0  0
r 0  0  0  0  0  0  0  0  0  0  0  0  0  0  0  0  0  0
r 0  0  0  0  0  0  0  0  0  0  0  0  0  0  0  0  0  0
r 0  0  0  0  0  0  0  0  0  0  0  0  0  0  0  0  0  0
r 0  0  0  0  0  0  0  0  0  0  0  0  0  0  0  0  0  0
r 0  0  0  0  0  0  0  0  0  0  0  0  0  0  0  0  0  0
r 0  0  0  0  0  0  0  0  0  0  0  0  0  0  0  0  0  0

------------------- Special Tiles --------------------
------(Y pos/ Object type/ tileIndexPos/ Rot)---------

s 0/1/41/0
s 8/1/100/0
s 1/9/195/0
s 0/39/196/8
s 0/28/167/0
s 0/28/175/0
s 0/28/67/0
s 0/28/57/0
s 0/8/95/0
s 5/0/44/0
s 8/0/122/0
s 5/0/49/0
