---------------------(Room Tiles)----------------------
		
r 0  0  0  1  0  0  0  0  0  0  0  0  0  0  0  0
r 0  0  0  2  0  0  0  0  0  0  0  0  0  0  0  0
r 0  0  6  4  0  0  0  0  0  0  0  0  0  0  0  0
r 0  0  6  0  0  0  0  0  0  0  0  0  0  0  0  0
r 0  0  0  0  0  0  0  0  0  0  0  0  0  0  0  0
r 0  0  0  0  0  0  0  0  0  0  0  0  0  0  0  0
r 0  0  0  0  0  0  0  0  3  3  0  0  3  3  0  0
r 0  1  0  0  0  0  0  0  3  3  0  0  3  3  0  0
r 0  3  1  0  0  0  0  0  0  0  0  0  99 99 99 0
r 0  3  3  1  0  0  2  2  0  0  0  99 0  0  0  0
r 0  99 3  3  1  2  0  0  0  0  99 0  0  0  0  0
r 0  0  0  0  0  0  0  0  0  0  0  0  0  0  0  0

------------------- Special Tiles --------------------
------(Y pos/ Object type/ tileIndexPos/ Rot)---------

s 3/0/188/0
s 3/0/190/0
s 3/0/186/0
s 0/1/81/0
s 5/10/84/0
s 0/12/164/0
s 0/4/164/0
s 1/7/56/0