---------------------(Room Tiles)----------------------
	
r 0  0  0  0  0  0  0  0  0  0  0  0  0  0  0  0  0  0
r 0  0  0  97 97 1  2  2  97 97 97 97 97 97 97 0  0  0
r 0  0  0  97 97 1  2  2  97 97 97 97 97 97 97 0  0  0
r 0  0  0  97 0  1  2  2  2  97 97 97 97 97 0  0  0  0
r 0  0  0  97 97 1  2  2  97 97 97 0  0  0  0  0  0  0
r 0  0  0  0  0  0  0  0  0  0  0  0  0  0  0  0  0  0

------------------- Special Tiles --------------------
------(Y pos/ Object type/ tileIndexPos/ Rot)---------

s 1/2/60/0
s 1/8/19/0