---------------------(Room Tiles)----------------------
	
r 99 99 99 0  0  0  0  0  0  0  0  0  0  0  0  0
r 99 99 99 0  0  0  0  0  0  0  0  0  0  0  0  0
r 99 99 99 0  0  0  0  0  0  0  0  0  0  0  0  0
r 99 99 99 0  0  0  0  0  0  0  0  0  0  0  0  0
r 99 99 99 0  0  0  0  0  0  0  0  0  0  0  0  0
r 99 99 99 0  0  0  0  0  0  0  0  0  0  0  0  0
r 99 99 99 0  0  0  0  0  0  0  0  0  0  0  0  0
r 99 99 99 0  0  0  0  0  0  0  0  0  0  0  0  0
r 99 99 99 0  0  0  0  0  0  0  0  0  0  0  0  0
r 99 99 99 0  0  0  0  0  0  0  0  0  0  0  0  0
r 99 99 99 0  0  0  0  0  0  0  0  0  0  0  0  0
r 99 99 99 0  0  0  0  0  0  0  0  0  0  0  0  0

------------------- Special Tiles --------------------
------(Y pos/ Object type/ tileIndexPos/ Rot)---------

s 0/1/41/0
s 0/8/192/0
s 1/9/43/0
s 0/27/174/0
s 0/27/167/0
s 0/18/174/0
s 0/18/167/0
s 0/43/122/2
s 0/44/111/2
s 3/0/112/0
s 5/0/49/0
s 5/0/122/0
s 5/0/49/0
s 1/29/48/2
s 1/31/120/2
s 1/29/120/2
s 1/31/84/2
s 1/29/84/2
s 1/31/113/270
s 1/29/113/270
s 1/31/77/270
s 1/29/77/270
s 1/31/41/270
s 1/29/41/270