---------------------(Room Tiles)----------------------
		
r 0  0  0  0  0  0  0  0  0  0  0  0  0  0  0  0  0  0
r 0  2  0  0  0  0  0  0  0  0  0  0  0  0  0  0  2  0
r 0  0  0  0  0  0  0  0  0  0  0  0  0  0  0  0  0  0
r 0  0  0  0  0  0  0  0  0  0  0  0  0  0  0  0  0  0
r 0  0  0  0  0  0  0  0  0  0  0  0  0  0  0  0  0  0
r 0  0  0  0  0  0  0  0  0  0  0  0  0  0  0  0  0  0
r 0  0  0  0  0  0  0  0  0  0  0  0  0  0  0  0  0  0
r 0  0  0  0  0  0  0  0  0  0  0  0  0  0  0  0  0  0
r 0  0  0  0  0  0  0  0  0  0  0  0  0  0  0  0  0  0
r 0  0  0  0  0  0  0  0  0  0  0  0  0  0  0  0  0  0
r 0  2  0  0  0  0  0  0  0  0  0  0  0  0  0  0  2  0
r 0  0  0  0  0  0  0  0  0  0  0  0  0  0  0  0  0  0

------------------- Special Tiles --------------------
------(Y pos/ Object type/ tileIndexPos/ Rot)---------

s 0/0/60/0
s 0/0/110/0
s 0/1/136/0
s 0/2/135/0
s 1/9/196/0
s 0/28/182/0
s 0/28/195/0
s 2/8/181/0
s 1/41/185/0
s 1/41/191/0
