---------------------(Room Tiles)----------------------
	
r 0  0  0  0  0  0  0  0  0  0  0  0  0  0  0  0  0  0
r 0  0  0  0  0  0  0  0  0  0  0  0  0  0  0  0  0  0
r 0  0  0  0  0  0  0  0  0  0  0  0  0  0  0  0  0  0
r 0  0  0  0  0  0  0  0  0  0  0  0  0  0  0  0  0  0
r 0  0  0  0  0  0  0  0  0  0  0  0  0  0  0  0  0  0
r 0  0  0  0  0  0  0  0  0  0  0  0  0  0  0  0  0  0
r 0  0  0  0  0  0  0  0  0  0  0  0  0  0  0  0  0  0
r 0  0  0  0  0  0  0  0  0  0  0  0  0  0  0  0  0  0
r 0  0  0  0  0  0  0  0  0  0  0  0  0  0  0  0  0  0
r 0  0  0  0  0  0  0  0  0  0  0  0  0  0  0  0  0  0
r 0  0  0  0  0  0  0  0  0  0  0  0  0  0  0  0  0  0
r 0  0  0  0  0  0  0  0  0  0  0  0  0  0  0  0  0  0

------------------- Special Tiles --------------------
------(Y pos/ Object type/ tileIndexPos/ Rot)---------

s 0/1/41/0
s 8/1/100/0
s 1/9/165/0
s 0/39/37/8
s 0/39/117/0
s 0/39/118/6
s 0/39/119/3
s 0/39/114/0
s 0/39/99/2
s 0/39/100/1
s 0/28/167/0
s 0/28/153/0
s 0/28/175/0
s 0/28/68/0
s 0/28/57/0
s 0/8/95/0
s 5/0/44/0
s 8/0/122/0
s 5/0/49/0
s 1/4/148/0
s 1/5/77/0
