---------------------(Room Tiles)----------------------
		
r 4  3  3  3  3  0  0  0  3  3  3  3  4
r 3  0  0  0  0  0  0  0  0  0  0  0  3
r 3  0  0  0  0  2  1  2  0  0  4  0  3
r 0  0  0  0  0  1  1  1  0  0  0  0  0
r 0  0  0  4  0  1  1  1  0  0  0  0  0
r 0  0  0  0  0  1  1  1  0  0  0  0  0
r 3  0  0  0  0  2  1  2  0  0  0  0  3
r 3  0  0  0  0  0  0  0  0  0  0  0  3
r 4  3  3  3  3  0  0  0  3  3  3  3  4


------------------- Special Tiles --------------------
------(Y pos/ Object type/ tileIndexPos/ Rot)---------

s 1/0/100/0
s 3/0/78/0
s 0/31/60/1
s 0/29/78/0
s 0/35/96/0
s 1/9/79/0
s 0/42/129/0
s 0/42/135/0